GATE_UW_SS: 770,10,48,35
GATE_SS_UW: 622,4089,48,35
SS_D08: 670,4088,107,78
SS_S04: 673,4052,48,35
SS_E08: 738,3935,48,189
SS_D07: 736,3903,204,35
SS_L01: 830,985,152,160
SS_AI: 896,2465,48,36
SS_E07: 885,799,48,192
SS_E06: 780,765,252,35
SS_C08: 900,682,152,35
SS_A14: 1220,843,48,35
SS_LAB13: 1284,844,48,35
SS_A01: 1354,844,48,35
SS_D02: 1036,735,104,78
SS_LAB8: 1151,789,48,35
SS_LAB1: 1219,789,48,35
SS_LAB2: 1284,789,48,35
SS_LAB6: 1350,788,48,35
SS_A17: 1053,696,48,35
SS_E03: 1052,495,48,188
SS_LAB7: 1147,735,48,35
SS_LAB9: 1219,735,48,35
SS_LAB3: 1283,734,48,35
SS_LAB12: 1350,734,48,35
SS_LAB11: 1147,682,48,35
SS_LAB10: 1218,682,48,35
SS_LAB5: 1285,682,48,35
SS_LAB4: 1347,682,48,35
SS_E05: 1311,1883,48,188
SS_I03: 621,728,155,120
SS_C07: 354,774,152,35
SS_C03: 302,685,48,120
SS_B02: 466,629,48,78
SS_S05: 517,672,48,35
SS_A16: 301,653,48,35
SS_A03: 304,617,48,35
SS_A15: 314,581,48,35
SS_E02: 364,579,255,35
SS_A04: 501,492,48,35
SS_B06: 555,475,104,35
SS_A11: 667,677,48,35
SS_D03: 634,584,104,76
SS_D04: 658,418,104,78
SS_C04: 937,445,152,35
SS_C06: 317,460,48,120
SS_H01: 345,385,202,78
SS_F02: 511,256,104,120
SS_S02: 506,1779,48,35
SS_B03: 724,346,48,78
SS_E01: 621,307,255,35
SS_F01: 640,75,48,228
SS_C02: 723,76,48,121
SS_I02: 693,182,152,121
SS_A10: 796,158,48,35
SS_A09: 792,121,48,35
SS_B01: 842,79,48,78
SS_A08: 845,44,48,35
SS_A19: 797,44,48,35
SS_S01: 876,53,48,35
SS_B05: 960,1509,104,35
SS_D06: 1065,1464,104,78
SS_A18: 1152,1539,48,35
SS_F03: 1208,1540,48,228
SS_B04: 1210,1764,48,78
SS_S03: 1210,3224,48,35
SS_A13: 1206,1841,48,35
SS_E04: 877,307,255,35
SS_D05: 1257,1805,104,78
SS_A22: 812,1438,48,30
SS_A23: 658,1871,48,35
SS_A27: 768,1527,48,37
SS_A29: 999,153,48,35
SS_A30: 707,494,48,29
SS_ACCESS1: 577,1838,151,35
SS_ACCESS2: 763,1489,40,35
SS_ACCESS3: 10,1838,204,35
SS_AccessQT1: 288,101,48,35
SS_ASSEMBLY: 996,2230,118,42
SS_ALIVE01: 1211,3315,106,65
SS_ALIVE02: 1129,3358,59,127
SS_ALIVE03: 1178,3435,120,42
SS_C09: 878,1436,150,35
SS_CONSTRUCT: 1121,2236,53,62
SS_CONVERGENCE: 1121,3266,106,92
SS_CORE: 486,1937,49,35
SS_D09: 1026,1436,202,35
SS_E09: 551,1436,252,35
SS_ELECTRO: 485,76,151,35
SS_GSB1: 846,2206,150,76
SS_GSB2: 874,2280,96,149
SS_GSBAI: 845,2427,151,112
SS_LC01: 794,2868,48,78
SS_LC02: 810,2993,48,35
SS_LC03: 830,3063,48,35
SS_LC04: 894,3047,48,112
SS_LC05: 841,3126,48,35
SS_LC06: 799,3191,70,127
SS_LC24: 313,3452,48,78
SS_LCD12: 284,3527,101,111
SS_LCAMBUSH: 676,3142,48,35
SS_LCBLOCKAGE: 667,3085,96,35
SS_LCCACHE: 921,3166,48,35
SS_LCEDGE: 757,3451,48,35
SS_LCEXTRA: 766,3503,120,35
SS_LCFILTERS: 944,3047,246,38
SS_LCFINAL: 866,3541,146,35
SS_LCS1: 718,3149,48,35
SS_LCS2: 844,3280,48,35
SS_LCSMALL: 817,2013,48,35
SS_LCHEADER: 973,3380,48,110
SS_LCHUNT: 736,3120,96,35
SS_LCLAB13: 1277,2272,70,41
SS_LCLPIPE: 805,3383,48,78
SS_LCMANUFOLD: 806,3462,149,35
SS_LCMEMEXIT: 1021,3477,48,110
SS_LCSWAP: 882,3201,48,112
SS_LCTANK: 858,3166,48,35
SS_LCTUBE: 854,3385,48,35
SS_LCTPIPE: 1128,3206,48,78
SS_LCRPIPE: 864,3417,96,35
SS_LCUPSIDE: 1128,3691,146,35
SS_LS1: 915,3382,48,35
SS_LS2: 720,3253,48,35
SS_LSCOREACCESS: 492,3311,146,72
SS_LSENTRANCE: 801,3323,96,35
SS_LSLOCKDOWN: 897,3317,127,63
SS_LSROOT: 572,3257,96,35
SS_LSSECRET: 705,3323,96,72
SS_LSVALVES: 678,3176,48,112
SS_SALIVE: 1089,3401,48,35
SS_SFINAL: 925,3502,48,35
SS_TOPSHAFT01: 939,3903,150,35
SS_TOPSHAFT02: 1090,3903,252,35
SS_DSHAFT01: 306,2817,202,35
SS_DSHAFT02: 14,2817,152,35
SS_UNROTTEN01: 1024,3323,100,35
SS_UNROTTEN02: 1146,3146,123,70
SS_C11: 94,201,171,35
SS_QUANTUM01: 381,76,100,35
SS_QUANTUM02: 330,76,48,35
SS_QUANTUM03: 481,117,48,35
SS_QUANTUM04: 466,212,48,35
SS_QTLONG: 227,293,152,35
SS_QTSIDE: 36,199,56,115
SS_NARROW: 139,1681,48,39
SS_QTS1: 318,246,48,35
SS_QTWALLS: 365,216,100,75
SS_GRAVITY: 265,184,68,39
