SS_QTLONG
152*35
4.9882*7.1259|0|0
-204,-50|820,-50|1844,-50
Border: Passable




0

1|1|1|1|1|1|1|1|1|1|1|1|1|1|1,4,3|1|1|1|1|1|1|1|1|1|1|1|1|1|1|1|1|1|1|1|1|1|1|1|1|1|1|1|1|1|1|1|1|1|1|1,3|1|1|1|1|1|1|1|1|1|1|1|1|1|1|1|1|1|1|1|1|1|1|1|1|1|1|1|1|1|1|1|1|1|1|1,3|1|1|1|1|1|1|1|1|1|1|1|1|1|1|1|1|1|1|1|1|1|1|1|1|1|1|1|1|1|1|1|1|1|1|1,3|1|1|1|1|1|1|1|1|1|1|1|1|1|1|1|1|1|1|1|1|1|1|1|1|1|1|1|1|1|1|1|1|1|1|1,3|1|1|1|1|1|1|1|1|1|1|1|1|1|1|1|1|1|1|1|1|1|1|1|1|1|1|1|1|1|1|0,6|0,6|1|1|4,3,6|1|1|0,6|0,6|1|1|1|1|1|0,6|1|1|1|1|1|1|1|1|1|1|1|1|1|1|1|1|1|1|1|1|0,6|0,6|1|1|0,6|1|1|0,6|0,6|1|1|1|1|1|0,6|1|1|1|1|1|1|1|1|1|1|1|1|1|1|1|1|1|0,6|0,6|1|0,6|0,6|1|1|0,6|1|1|0,6|0,6|1|1|1|0,6|0,6|0,6|1|1|1|1|1|1|1|1|1|1|1|1|1|1|1|1|1|0,6|0,6|0,2,6|0,6|0,6|1|1|0,6|1|1|0,6|0,6|0,6|0,6|0,6|0,6|0,6|0,6|1|1|1|1|1|1|1|1|1|1|1|1|1|1|1|1|1|0,6|0,6|0,2,6|0,6|0,6|1|1|0,6|0,6|0,6|0,6|0,6|0,6|0,6|0,6|0,6|0,6|0,6|0,6|0,6|0,6|1|1|1|1|1|1|1|1|1|1|1|1|1|1|0,6|0,6|0,2,6|0,6|0,6|1|1|0,6|1|1|0,6|0,6|0,6|0,6|0,6|0,6|0,6|0,6|1|1|0,6|1|1|1|1|1|1|1|1|1|1|1|1|1|1|0,6|0,6|0,2,6|0|0|1|1|0|1|1|0,1,6|0,1,6|1|1|1|1|0,1,6|0,1,6|1|1|0,6|1|1|1|1|1|1|1|1|1|1|1|1|1|1|0,6|0,6|0,2,6|0|0|1|1|0|1|1|0,6|0,6|1|1|1|1|0,6|0,6|1|1|0,6|1|1|1|1|1|1|1|1|1|1|1|1|1|1|2,6|0,6|0,2,6|0,6|0|1|1|0|1|1|0,6|0,6|1|1|1|1|0,6|0,6|1|1|0,6|1|1|1|1|1|1|1|1|1|1|1|1|1|1|1|0,6|0,2,6|0,6|0|1|1|0|1|1|0,1,6|0,1,6|1|1|1|1|0,1|0,1|1|1|0,6|1|1|1|1|1|1|1|1|1|1|1|1|1|1|1|0,6|0,2,6|0|0|1|1|0|1|1|0,6|0,6|0,6|0|0|0|0|0|1|1|0,6|1|1|1|1|1|1|1|1|1|1|1|1|1|1|1|0,6|0,2,6|0|0|1|1|0|1|1|0,6|0,6|0,6|0|0|0,6|0,6|0|1|1|0,6|1|1|1|1|1|1|1|1|1|1|1|1|1|1|2,6|0,6|0,2,6|0|0|1|1|0|1|1|0,6|0,6|0,6|0|0|0,6|0,6|0|1|1|0,6|1|1|1|1|1|1|1|1|1|0,6|1|1|1|1|0,6|0,6|0,2,6|0|0|1|1|0|1|1|0,6|0,6|0,6|0|0|0,6|0,6|0|1|1|0,6|1|1|1|1|1|1|1|1|1|0,6|1|1|1|1|0,6|0,6|0,2,6|0|0|1|1|0|1|1|0,6|0,6|0,6|0|0|0,6|0,6|0|1|1|0,6|1|1|1|1|1|1|1|1|1|0,6|1|1|1|1|0,6|0,6|0,2,6|0|0|0|0|0|1|1|0,6|0,6|0,6|0|0|0,6|0,6|0|1|1|0,6|1|1|1|1|1|1|1|1|1|0,6|1|1|1|1|0,6|0,6|0,2,6|0|0|1|1|1|1|1|0,6|0,6|0,6|0|0|0,6|0,6|0|1|1|0,6|1|1|1|1|1|1|1|1|1|0,6|1|1|1|1|0,6|0,6|0,2,6|0|0|1|1|1|1|1|0,6|0,6|0,6|0|0|0,6|0,6|0|1|1|0,6|1|1|1|1|1|1|1|1|1|0,6|1|1|1|1|0,6|0,6|0,2,6|0|0|0|0|1|0,6|0,6|0,6|0,6|0,6|0,6|0|0,6|0,6|0|1|1|0,6|1|1|1|1|1|1|1|1|1|0,6|1|1|1|1|0,6|0,6|0,2,6|0|0|0|0|1|0,6|0,6|0,6|0,6|0,6|0|0|0,6|0,6|0|1|1|0,6|1|1|1|1|1|1|1|1|1|0,6|1|1|1|1|0,6|0,6|0,2,6|0|0|0|0|0,2|0,6|0,6|0,6|0,6|0,6|0|0|0|0|0|1|1|0,6|1|1|1|1|1|1|1|1|1|0,6|1|1|1|1|0,6|0,6|0,2,6|0|0|0|0|0,2|0,6|0,6|0,6|0,6|0,6|0,6|0|0|0|0|1|1|0,6|1|1|1|1|1|1|1|1|1|0,6|1|1|1|1|0,6|0,6|0,2,6|0|0|0|0|0,2|0,6|0,6|0,6|0,6|0,6|0|0|0|0|0|1|1|0,6|1|1|1|1|1|1|1|1|1|0,6|1|1|1|1|0,6|0,6|0,2,6|0|0|0|0|0,2|0,6|0,6|0,6|0,6|0,6|0|0|1|1|1|1|1|0,6|1|1|1|1|1|1|1|1|1|0,6|1|1|1|1|0,6|0,6|0,2,6|0|0|0|0|0,2|0|0|0|0|0|0|0|1|1|1|1|1|0,6|1|1|1|1|1|1|1|1|1|0,6|1|1|1|1|0,6|0,6|0,2,6|0|0|0|0|0,2|0|0|0|0|0|0|0|1|1|0|0,6|0,6|0,6|1|1|1|1|1|1|1|1|1|0,6|1|1|1|1|0,6|0,6|0,2,6|0|0|0|0|0,2|0|0|0|0|0|0|0|1|1|0|1|1|1|1|1|1|1|1|1|1|1|1|0,6|1|1|1|1|0,6|0,6|0,2,6|0|0|0|0|0,2|0|0|0|0|0|0|0|1|1|0,2,1|1|1|1|1|1|1|1|1|1|1|1|1|0,6|1|1|1|1|0,6|0,6|0,2,6|0|0|0|0|0,2|0|0|0|0|0|0|0|0|0|0,2|0|0|1|0,6|1|1|1|1|1|1|1|1|0,6|1|1|1|1|0,6|0,6|0,2,6|0|0|0|0|0,2|0|0|0|0|0|0|0|0|0|0,2|0|0|0,2|0,6|1|1|1|1|1|1|1|1|0,6|1|1|1|1|0,6|0,6|0,2,6|0|0|0|0|0,2|0|0|0|0|0|0|0,6|0,6|0,6|0,2,6|0,6|0,6|0,2,6|0,6|1|1|1|1|1|1|1|1|0,6|1|1|1|1|0,6|0,6|0,2,6|0|0|0|0|0,2|0|0|0|0|0|0|0,6|0,6|0,6|0,2,6|0,6|0,6|0,2,6|0,6|1|1|1|1|1|1|1|1|0,6|1|1|1|1|0,6|0,6|0,2,6|0|0|0|0|0,2|0|0|0|0|0|0|0|0|0|0,2|0|0|0|0,6|1|1|1|1|1|1|1|1|0,6|1|1|1|1|0,6|0,6|0,2,6|0|0|0|0|0|0|0|0|0|0|0|0|0|0|0,2|0|0|0|0,6|1|1|1|1|1|1|1|1|0,6|1|1|1|1|0,6|0,6|0,2,6|0|0|0|0|0|0|0|0|0|0|0|0|0|0|0,2|0|0|0|0,6|1|1|1|1|1|1|1|1|0,6|1|1|1|1|0,6|0,6|0,2,6|0|0|0|0|0|0|0|0|0|0|0|0,6|0,6|0,6|0,2,6|0,6|0,6|0,6|0,6|1|1|1|1|1|1|1|1|0,6|1|1|1|1|0,6|0,6|0,2,6|0|0|0|0|0|0|0|0|0|0|0|0,6|0,6|0,6|0,2,6|0,6|0,6|0,2,6|0,6|1|1|1|1|1|1|1|1|0,6|1|1|1|1|0,6|0,6|0,2,6|0|0|0|0|0|0|0|0|0|0|0|0|0|0|0,2|0|0|0,2|0,6|1|1|1|1|1|1|1|1|0,6|1|1|1|1|0,6|0,6|0,2,6|0|0|0|0|0|0|0|0|0|0|0|0|0|0|0,2|0|0|0,2|0,6|1|1|1|1|1|1|1|1|0,6|1|1|1|1|0,6|0,6|0,2,6|0|0|0|0|0|0|0|0|0|0|0|0|0|0|0,2|0|0|0,2|0,6|1|1|1|1|1|1|1|1|0,6|1|1|1|1|0,6|0,6|0,2,6|0|0|0|0|0|0|0|0|0|0|0|0,6|0,6|0,6|0,6|0,6|0,6|0,2,6|0,6|1|1|1|1|1|1|1|1|0,6|1|1|1|1|0,6|0,6|0,2,6|0|0|0|0|0|0|0|0|0|0|0|0,6|0,6|0,6|0,6|0,6|0,6|0,2,6|0,6|1|1|1|1|1|1|1|1|0,6|1|1|1|1|0,6|0,6|0,2,6|0|0|0|0|0|0|0|0|0|0|0|0|0|0|0|0|0|1|0,6|1|1|1|1|1|1|1|1|0,6|1|1|1|1|0,6|0,6|0,2,6|0|0|0|0|0|0|0|0|0|0|0|0|0|0|0|0|0|1|0,6|1|1|1|1|1|1|1|1|0,6|1|1|1|1|0,6|0,6|0,2,6|0|1|1|1|0|1|1|1|1|0|1|1|1|1|0|1|1|1|1|1|1|1|1|1|1|1|1|0,6|1|1|1|1|0,6|0,6|0,2,6|0|1|1|1|0|1|1|1|1|0|1|1|1|1|0|1|1|1|1|1|1|1|1|1|1|1|1|0,6|1|1|1|1|0,6|0,6|0,2,6|0|1|1|1|0|1|1|1|1|0|1|1|1|1|0|1|1|1|1|1|1|1|1|1|1|1|1|0,6|1|1|1|1|0,6|0,6|0,2,6|0|1|1|1|0|1|1|1|1|0|1|1|1|1|0|1|1|1|1|1|1|1|1|1|1|1|1|0,6|1|1|1|1|0,6|0,6|0,2,6|0|1|1|1|0|1|1|1|1|0|1|1|1|1|0|1|1|1|1|1|1|1|1|1|1|1|1|1|1|1|1|1|2,6|0,6|0,2,6|0|1|1|1|0|1|1|1|1|0|1|1|1|1|0|0,6|0,6|0,6|0,6|0,6|1|1|1|1|1|1|1|1|1|1|1|1|1|0,6|0,2,6|0|1|1|1|0|1|1|1|1|0|1|1|1|1|1|1|1|1|1|0,6|1|1|1|1|1|1|1|1|1|1|1|1|1|0,6|0,2,6|0|1|1|1|0,2,1|1|1|1|1|0,2,1|1|1|1|1|1|1|1|1|1|0,6|1|1|1|1|1|1|1|1|1|1|1|1|1|0,6|0,2,6|0|0|0|0|0,2|0|0|0|0|0,2|0|0|0|0|0|0,6|0,6|1|1|0,6|1|1|1|1|1|1|1|1|1|1|1|1|2,6|0,6|0,2,6|0|0|0|0|0,2|0,6|0,6|0,6|0,6|0,2,6|0,6|0,6|0,6|0,6|0|0,6|0,6|1|1|0,6|1|1|1|1|1|1|1|0,6|1|1|1|1|0,6|0,6|0,2,6|0|0|0|0|0,2|0,6|0,6|0,6|0,6|0,2,6|0,6|0,6|0,6|0,6|0|0,6|0,6|1|1|0,6|1|1|1|1|1|1|1|0,6|1|1|1|1|0,6|0,6|0,2,6|0|0|0|0|0,2|0,6|0,6|0,6|0,6|0,2,6|0,6|0,6|0,6|0,6|0|0,6|0,6|1|1|0,6|1|1|1|1|1|1|1|0,6|1|1|1|1|0,6|0,6|0,2,6|0|0|0|0|0,2|0|0|0|0|0,2|0|0|0|0|0|0,6|0,6|1|1|0,6|1|1|1|1|1|1|1|0,6|1|1|1|1|0,6|0,6|0,2,6|0|0|0|0|0,2|0|0|0|0|0,2|0|0|0|0|0|0,6|0,6|1|1|0,6|1|1|1|1|1|1|1|0,6|1|1|1|1|0,6|0,6|0,2,6|0|0|0|1|1|1|1|1|1|1|1|0|0|0|0|0,6|0,6|1|1|0,6|1|1|1|1|1|1|1|0,6|1|1|1|1|0,6|0,6|0,2,6|0|0|0|1|1|1|1|1|1|1|1|0|0|0|0|0,6|0,6|1|1|0,6|1|1|1|1|1|1|1|0,6|1|1|1|1|0,6|0,6|0,6|0|0|0|1|1|1|1|1|1|1|1|0|0|0|0|0,6|0,6|1|1|0,6|1|1|1|1|1|1|1|0,6|1|1|1|1|0,6|0,6|0,6|0|0|0|1|1|1|1|1|1|1|1|0|0|0|0|0,6|0,6|1|1|0,6|1|1|1|1|1|1|1|0,6|1|1|1|1|0,6|0,6|0,6|0|0|0|1|1|1|1|1|1|1|1|0|0|0|0|0,6|0,6|1|1|0,6|1|1|1|1|1|1|1|0,6|1|1|1|1|0,6|0,6|0,6|0|0|0|1|1|1|1|1|1|1|1|0|0|0|0|0,6|0,6|1|1|0,6|1|1|1|1|1|1|1|0,6|1|1|1|1|0,6|0,6|0,6|0|0|0|1|1|1|1|1|1|1|1|0|0|0|0|0,6|0,6|1|1|0,6|1|1|1|1|1|1|1|0,6|1|1|1|1|0,6|0,6|0,6|0|0|0|1|1|1|1|1|1|1|1|0|0|0|0|0,6|0,6|1|1|0,6|1|1|1|1|1|1|1|0,6|1|1|1|1|0,6|0,6|0,6|0|0|0|1|1|1|1|1|1|1|1|0|0|0|0|0,6|0,6|1|1|0,6|1|1|1|1|1|1|1|0,6|1|1|1|1|0,6|0,6|0,6|0|0|0|1|1|1|1|1|1|1|1|0|0|0|0|0,6|0,6|1|1|0,6|1|1|1|1|1|1|1|0,6|1|1|1|1|0,6|0,6|0,6|0|0|0|1|1|1|1|1|1|1|1|0|0|0|0|0,6|0,6|1|1|0,6|1|1|1|1|1|1|1|0,6|1|1|1|1|0,6|0,6|0,6|0|0|0|1|1|1|1|1|1|1|1|0|0|0|0|0,6|0,6|1|1|0,6|1|1|1|1|1|1|1|0,6|1|1|1|1|0,6|0,6|0,6|0|0|0|0|0,2|0|0|0|0|0,2|0|0|0|0|0|0,6|0,6|1|1|0,6|1|1|1|1|1|1|1|0,6|1|1|1|1|0,6|0,6|0,6|0|0|0|0|0,2|0|0|0|0|0,2|0|0|0|0|0|0,6|0,6|1|1|0,6|1|1|1|1|1|1|1|0,6|1|1|1|1|0,6|0,6|0,6|0,6|0|0|0|0,2|0|0|0|0|0,2|0|0|0|0|0|0,6|0,6|0,6|0,6|0,6|1|1|1|1|1|1|1|0,6|1|1|1|1|0,6|0,6|0,6|0|0|0|0|0,2|0|0|0|0|0,2|0|0|0|0|0|0,6|0,6|1|1|0,6|1|1|1|1|1|1|1|0,6|1|1|1|1|0,6|0,6|0,6|0,6|0|0|0|0,2|0|0|0|0|0,2|0|0|0|0|0|0,6|0,6|1|1|0,6|1|1|1|1|1|1|1|0,6|1|1|1|1|0,6|0,6|0,6|0|0|0|0|0,2|0|0|0|0|0,2|0|0|0|0|0|0,6|0,6|0,6|0,6|0,6|0,6|1|1|1|1|1|1|0,6|1|1|1|1|0,6|0,6|0,6|0|0|0|0|0,2|0|0|0|0|0,2|0|0|0|0|0|0,6|0,6|0,6|0,6|0,6|0,6|1|1|1|1|1|1|0,6|1|1|1|1|0,6|0,6|0,6|0|0|0|0|0,2|0|0|0|0|0,2|0|0|0|0|0|0,6|0,6|0,6|0,6|0,6|0,6|1|1|1|1|1|1|0,6|1|1|1|1|0,6|0,6|0,6|0|0|0|0|0,2|0|0|0|0|0,2|0|0|0|0|0|0,6|0,6|0,6|0,6|0,6|0,6|1|1|1|1|1|1|0,6|1|1|1|1|0,6|0,6|0,6|0|0|0|0|0,2|0|0|0|0|0,2|0|0|0|0|0|0|0|0,6|0,6|0,6|0,6|1|1|1|1|1|1|0,6|1|1|1|1|0,6|0,6|0,6|0|0|0|0|0,2|0|0|0|0|0,2|0|0|0|0|0|0|0|0,6|0,6|0,6|0,6|1|1|1|1|1|1|0,6|1|1|1|1|0,6|0,6|0,6|0|0|0|0|0,2|0|0|0|0|0,2|0|0|0|0|0|0|0|0,6|0,6|0,6|0,6|1|1|1|1|1|1|0,6|1|1|1|1|0,6|0,6|0,6|0|0|0|0|0,2|0|0|0|0|0,2|0|0|0|0|0|0|0|0,6|0,6|0,6|0,6|1|1|1|1|1|1|0,6|1|1|1|1|0,6|0,6|0,6|0|0|0|0|0,2|0|0|0|0|0,2|0|0|0|0|0|0|0|0,6|0,6|0,6|0,6|1|1|1|1|1|1|0,6|1|1|1|1|0,6|0,6|0,6|0|0|0|0|0,2|0|0|0|0|0,2|0|0|0|0|0|0|0|0,6|0,6|0,2,6|0,6|1|1|1|1|1|1|0,6|1|1|1|1|0,6|0,6|0,6|0|0|0|0|0|0|0|0|0|0,2|0|0|0|0|0|0|0|0,6|0,6|0,2,6|0,6|1|1|1|1|1|1|0,6|1|1|1|1|0,6|0,6|0,6|0|0|0|0|0|0|0|0|0|0,2|0|0|0|0|0|0|0|0,6|0,6|0,2,6|0,6|1|1|1|1|1|1|0,6|1|1|1|1|0,6|0,6|0,6|0|0|0|0|0|0|0|0|0|0,2|0|0|0|0|0|0|0|0,6|0,6|0,2,6|0,6|1|1|1|1|1|1|0,6|1|1|1|1|0,6|0,6|0,6|0|0|0|0|0|0|0|0|0|0,2|0|0|0|0|0|0|0|0,6|0,6|0,2,6|0,6|1|1|1|1|1|1|0,6|1|1|1|1|0,6|0,6|0,6|0|0|0|0|0|0|0|0|0|0,2|0|0|0|0|0|0|0|0,6|0,6|0,2,6|0,6|1|1|1|1|1|1|1|1|1|1|1|2,6|0,6|0,6|0|0|0|0|0|0|0|0|0|0,2|0|0|0|0|0|0|0|0,6|0,6|0,2,6|0,6|1|1|1|1|1|1|1|1|1|1|1|1|0,6|0,6|0|0|0|0|0|0|0|0|0|0,2|0|0|0|0|0|0|0|0,6|0,6|0,2,6|0,6|1|1|1|1|1|1|1|1|1|1|1|1|0,6|0,6|0|0|0|0|0,2|0|0|0|0|1|0|0|0|0|0|0|0|0,6|0,6|0,2,6|0,6|1|1|1|1|1|1|1|1|1|1|1|1|0,6|0,6|0|0|0|0|0,2|0|0|0|0|1|0|0|0|0|0|0|0|0,6|0,6|0,2,6|0,6|1|1|1|1|1|1|1|1|1|1|1|2,6|0,6|0,6|0|0|0|0|0,2|0|0|0|0|1|0|0|0|0|0|0|0|0,6|0,6|0,2,6|0,6|1|1|1|1|1|1|1|1|1|1|1|0,6|0,6|0,6|0|0|0|0|0,2|0|0|0|0|0,2|0|0|0|0|0|0|0|0,6|0,6|0,2,6|0,6|1|1|1|1|1|1|1|1|1|1|1|0,6|0,6|0,6|0,6|0|0|0|0,2|0|0|0|0|0,2|0|0|0|0|0|0|0|0,6|0,6|0,2,6|0,6|1|1|1|1|1|1|1|1|1|1|1|1|1|0,6|0,6|0,6|0|0|0,2|0|0|0|0|0,2|0|0|0|0|0|0|0|0,6|0,6|0,2,6|0,6|1|1|1|1|1|1|1|1|1|1|1|1|1|0,6|0,6|0,6|0,6|0|0,2|0|0|0|0|0,2|0|0|0|0|0|0|0|0,6|0,6|0,2,6|0,6|1|1|1|1|1|1|1|1|1|1|1|1|1|0,6|0,6|0,6|0,6|0,6|0,2|0|0|0|0|0,2|0|0|0|0|0|0,6|0|0,6|0,6|0,2,6|0,6|1|1|1|1|1|1|1|1|1|1|1|1|1|0,6|0,6|0,6|0,6|0,6|0,2,6|0|0|0|0|0,2|0|0|0|0|0|0,6|0|0,6|0,6|0,2,6|0,6|1|1|1|1|1|1|1|1|1|1|1|0,6|0,6|0,6|0,6|1|1|0,6|0,2,6|0,6|0|0|0|0|0|0|0|0|0|0,6|0,6|0,6|0,6|0,2,6|0,6|1|1|1|1|1|1|1|1|1|1|1|0,6|0,6|0,6|0,6|1|1|0,6|0,2,6|0,6|0,6|0|0|0|0|0|0|0|0|0,6|0,6|0,6|0,6|0,2,6|0,6|1|1|1|1|1|1|1|1|1|1|1|1|1|1|1|1|1|0,6|0,2,6|0,6|0,6|0|0,6|0,6|0|0|0|0|0|0,6|0,6|1|1|0,2,1,6|1|1|1|1|1|1|1|1|1|1|1|1|1|1|1|1|1|1|0,6|0,2,6|0,6|0,6|0|0,6|0,6|0|0|0|0|0|0,6|0,6|1|1|0,6|1|1|1|1|1|1|1|1|1|1|1|1|1|1|1|1|1|1|0,6|0,2,6|0,6|0,6|0|0,6|0,6|0|0|0|0|0|0,6|0,6|1|1|0,6|1|1|1|1|1|1|1|1|1|1|1|1|1|1|1|1|1|1|0,6|0,2,6|0,6|0,6|0|0,6|0,6|0|0|0,6|0,6|0,6|0,6|0,6|1|1|0,6|1|1|1|1|1|1|1|1|0|1|1|1|0|1|1|1|1|1|0,6|0,2,6|0,6|0,6|0|0,6|0,6|0|0|0,6|0,6|0,6|0,6|0,6|1|1|0,6|1|1|1|1|1|1|1|1|0|1|1|1|0|1|1|1|1|1|0,6|0,2,6|0,6|0,6|0|0,6|0,6|0|0|0,6|0,6|0,6|0,6|0,6|1|1|0,6|1|1|1|1|1|1|1|1|0|1|1|1|0|1|1|1|1|1|0,6|0,2,6|0,6|0,6|0|0,6|0,6|0|1|1|1|1|1|0,6|1|1|0,6|1|1|1|1|1|1|1|1|0|1|1|1|0|1|1|1|1|1|0,6|0,2,6|0,6|0,6|0|0,6|0,6|0|1|1|1|1|1|0,6|1|1|0,6|1|1|1|1|1|1|1|1|0|0|0,2|0|0|1|1|1|1|1|0,6|0,2,6|0,6|0,6|0|0,6|0,6|0|1|1|1|1|1|0,6|1|1|0,6|1|1|1|1|1|1|1|1|0|0|0,2|0|0|1|1|1|1|1|0,6|0,2,6|0,6|0,6|0|0,6|0,6|0|1|1|1|1|1|0,6|1|1|0,6|1|1|1|1|1|1|1|1|0|0|0|0|0|1|1|1|1|1|0,6|0,2,6|0,6|0,6|0|0,6|0,6|0|1|1|1|1|1|0,6|1|1|0,6|1|1|1|1|1|1|1|1|0|0|0|0|0|1|1|1|1|1|0,6|0,2,6|0,6|0,6|0|0|0,2|0|1|1|1|1|1|0,6|1|1|0,6|1|1|1|1|1|1|1|1|0|0|0|0|0|1|1|1|1|1|0,6|0,2,6|0,6|0,6|0|0|0,2|0|1|1|1|1|1|0,6|1|1|0,6|1|1|1|1|1|1|1|1|0|0|0|0|0|1|1|1|1|1|0,6|0,2,6|0,6|0,6|0,6|0,6|0,2,6|0,6|1|1|1|1|1|0,6|1|1|0,6|1|1|1|1|1|1|1|1|0|0|0|0|0|1|1|1|1|1|0,6|0,2,6|0,6|0,6|0,6|0,6|0,2,6|0,6|1|1|1|1|1|0,6|1|1|0,6|1|1|1|1|1|1|1|1|0|0|0|0|0|1|1|1|1|1|0,6|0,2,6|0,6|0,6|0,6|0,6|0,2,6|0,6|1|1|1|1|1|0,6|1|1|0,6|1|1|1|1|1|1|1|1|0|0|0|0|0|1|1|1|1|1|0,6|0,2,6|0,6|0,6|0,6|0,6|0,2,6|0,6|0,6|0,6|0,6|0,6|0,6|0,6|1|1|0,6|1|1|1|1|1|1|1|1|0|0|0|0|0|1|1|1|1|1|0,6|1|0,6|0,6|0,6|0,6|0,2,6|0,6|0,6|0,6|0,6|0,6|0,6|0,6|0,6|0,6|0,6|1|1|1|1|1|1|1|1|0|0|0|0|0|1|1|1|1|1|0,6|1|0,6|0,6|0,6|0,6|0,2,6|0,6|0,6|0,6|0,6|0,6|0,6|0,6|1|1|1|1|1|1|1|1|1|1|1|0|0|0|0|0|1|1|1|1|1|1|1|1|0,6|1|1|0,2,1,6|1|1|1|1|1|1|1|1|1|1|1|1|1|1|1|1|1|1|0|0|0|0|0|1|1|1|1|1|1|1|1|0,6|1|1|0,6|1|1|1|1|1|1|1|1|1|1|1|1|1|1|1|1|1|1|0|0|0|0|0|1|1|1|1|1|1|1|1|0,6|1|1|0,6|1|1|1|1|1|1|1|1|1|1|1|1|1|1|1|1|1|1|0|0|0|0|0|1|1|1|1|1|1|1|1|0,6|1|1|0,6|1|1|1|1|1|1|1|1|1|1|1|1|1|1|1|1|1|1|0|0|0|0|0|1|1|1|1|1|1|1|1|0,6|1|1|0,6|1|1|1|1|1|1|1|1|1|1|1|1|1|1|1|1|1|1|0|0|0|0|0|1|1|1|1|1|1|1|1|0,6|1|1|0,6|1|1|1|1|1|1|1|1|1|1|1|1|1|1|1|1|1|1|0|0|0|0|0|1|1|1|1|1|1|1|1|0,6|1|1|0,6|1|1|1|1|1|1|1|1|1|1|1|1|1|1|1|1|1|1|0|0|0|0|0|1|1|1|1|1|1|1|1|0,6|1|1|0,6|1|1|1|1|1|1|1|1|1|1|1|1|1|1|1|1|1|1|0|0|0|0|0|1|1|1|1|1|1|1|1|0,6|1|1|0,6|1|1|1|1|1|1|1|1|1|1|1|1|1|1|1|1|1|1|0|0|0|0|0|1|1|1|1|1|1|1|1|0,6|1|1|0,6|1|1|1|1|1|1|1|1|1|1|1|1|1|1|1|1|1|1|0|0|0|0|0|1|1|1|1|1|1|1|1|0,6|1|1|0,6|1|1|1|1|1|1|1|1|1|1|1|1|1|1|1|1|1|1|0|0|0|0|0|1|1|1|1|1|1|1|1|0,6|1|1|0,6|1|1|1|1|1|1|1|1|1|1|1|1|1|1|1|1|1|1|0|0|0|0|0|1|1|1|1|1|1|1|1|0,6|1|1|0,6|1|1|1|1|1|1|1|1|1|1|1|1|1|1|1|1|1|1|0|0|0|0|0|1|1|1|1|1|1|1|1|0,6|1|1|0,6|1|1|1|1|1|1|1|1|1|1|1|1|1|1|1|1|1|1|0|0|0|0|0|1|1|1|1|1|1|1|1|0,6|1|1|0,6|1|1|1|1|1|1|1|1|1|1|1|1|1|1|1|1|1|1|0|0|0|0|0|1|1|1|1|1|1|1|1|0,6|1|1|0,6|1|1|1|1|1|1|1|1|1|1|1|1|1|1|1|1|1|1|0|0|0|0|0|1|1|1|1|1|1|1|1|0,6|1|1|0,6|1|1|1|1|1|1|1|1|1|1|1|1|1|1|1|1|1|1|0|0|0,2|0|0|1|1|1|1|1|1|1|1|0,6|1|1|0,6|1|1|1|1|1|1|1|1|1|1|1|1|1|1|1|1|1|1|0|0|0,2|0|0|1|1|1|1|1|1|1|1|0,6|1|1|0,6|1|1|1|1|1|1|1|1|1|1|1|1|1|1|1|1|1|1|0|1|1|1|0|1|1|1|1|1|1|1|1|0,6|1|1|0,6|0,6|0,6|0,6|0,6|4,3,6|1,3|1,3|1,3|1,3|1,3|1,3|1,3|1,3|1,4,3|1|1|1|1|0|1|1|1|0|1|1|1|1|1|1|1|1|0,6|1|1|1|1|1|1|1|1|1|1|1|1|1|1|1|1|1|1|1|1|1|0|1|1|1|0|1|1|1|1|1|1|1|1|0,6|1|1|1|1|1|1|1|1|1|1|1|1|1|1|1|1|1|1|1|1|1|0|1|1|1|0|1|1|1|1|1|1|1|1|0,6|1|1|1|1|1|1|1|1|1|1|1|1|1|1|1|1|1|1|1|1|1|1|1|1|1|1|1|1|1|1|1|1|1|1|0,6|1|1|1|1|1|1|1|1|1|1|1|1|1|1|1|1|1|1|1|1|1|1|1|1|1|1|1|1|1|1|1|1|1|1|1|1|1|1|1|1|1|1|1|1|1|1|1|1|1|1|1|1|1|
camera angles:0,0;0,0;0,0;0,0|0,0;0,0;0,0;0,0|0,0;0,0;0,0;0,0
